3.4 0.2 0.2
3.6 0.54641 0.2
4 0.54641 0.2
4.4 0.54641 0.2
4.8 0.54641 0.2
3.8 0.89282 0.2
4.2 0.89282 0.2
4.6 0.89282 0.2
5 0.89282 0.2
5.4 0.89282 0.2
5.8 0.89282 0.2
4 1.23923 0.2
4.4 1.23923 0.2
4.8 1.23923 0.2
5.2 1.23923 0.2
5.6 1.23923 0.2
6 1.23923 0.2
6.4 1.23923 0.2
6.8 1.23923 0.2
7.2 1.23923 0.2
4.2 1.58564 0.2
4.6 1.58564 0.2
5 1.58564 0.2
5.4 1.58564 0.2
5.8 1.58564 0.2
6.2 1.58564 0.2
6.6 1.58564 0.2
7 1.58564 0.2
7.4 1.58564 0.2
7.8 1.58564 0.2
8.2 1.58564 0.2
4.8 1.93205 0.2
5.2 1.93205 0.2
5.6 1.93205 0.2
6 1.93205 0.2
6.4 1.93205 0.2
6.8 1.93205 0.2
7.2 1.93205 0.2
7.6 1.93205 0.2
8 1.93205 0.2
8.4 1.93205 0.2
8.8 1.93205 0.2
9.2 1.93205 0.2
9.6 1.93205 0.2
4.2 2.27846 0.2
4.6 2.27846 0.2
5 2.27846 0.2
5.4 2.27846 0.2
5.8 2.27846 0.2
6.2 2.27846 0.2
6.6 2.27846 0.2
7 2.27846 0.2
7.4 2.27846 0.2
7.8 2.27846 0.2
8.2 2.27846 0.2
8.6 2.27846 0.2
9 2.27846 0.2
9.4 2.27846 0.2
9.8 2.27846 0.2
10.2 2.27846 0.2
10.6 2.27846 0.2
11 2.27846 0.2
11.4 2.27846 0.2
11.8 2.27846 0.2
12.2 2.27846 0.2
12.6 2.27846 0.2
13 2.27846 0.2
13.4 2.27846 0.2
13.8 2.27846 0.2
14.2 2.27846 0.2
14.6 2.27846 0.2
15 2.27846 0.2
15.4 2.27846 0.2
3.2 2.62487 0.2
3.6 2.62487 0.2
4 2.62487 0.2
4.4 2.62487 0.2
4.8 2.62487 0.2
5.2 2.62487 0.2
5.6 2.62487 0.2
6 2.62487 0.2
6.4 2.62487 0.2
6.8 2.62487 0.2
7.2 2.62487 0.2
7.6 2.62487 0.2
8 2.62487 0.2
8.4 2.62487 0.2
8.8 2.62487 0.2
9.2 2.62487 0.2
9.6 2.62487 0.2
10 2.62487 0.2
10.4 2.62487 0.2
10.8 2.62487 0.2
11.2 2.62487 0.2
11.6 2.62487 0.2
12 2.62487 0.2
12.4 2.62487 0.2
12.8 2.62487 0.2
13.2 2.62487 0.2
13.6 2.62487 0.2
14 2.62487 0.2
14.4 2.62487 0.2
14.8 2.62487 0.2
15.2 2.62487 0.2
2.6 2.97128 0.2
3 2.97128 0.2
3.4 2.97128 0.2
3.8 2.97128 0.2
4.2 2.97128 0.2
4.6 2.97128 0.2
5 2.97128 0.2
5.4 2.97128 0.2
5.8 2.97128 0.2
6.2 2.97128 0.2
6.6 2.97128 0.2
7 2.97128 0.2
7.4 2.97128 0.2
7.8 2.97128 0.2
8.2 2.97128 0.2
8.6 2.97128 0.2
9 2.97128 0.2
9.4 2.97128 0.2
9.8 2.97128 0.2
10.2 2.97128 0.2
10.6 2.97128 0.2
11 2.97128 0.2
11.4 2.97128 0.2
11.8 2.97128 0.2
12.2 2.97128 0.2
12.6 2.97128 0.2
13 2.97128 0.2
13.4 2.97128 0.2
13.8 2.97128 0.2
14.2 2.97128 0.2
14.6 2.97128 0.2
15 2.97128 0.2
1.6 3.31769 0.2
2 3.31769 0.2
2.4 3.31769 0.2
2.8 3.31769 0.2
3.2 3.31769 0.2
3.6 3.31769 0.2
4 3.31769 0.2
4.4 3.31769 0.2
4.8 3.31769 0.2
5.2 3.31769 0.2
5.6 3.31769 0.2
6 3.31769 0.2
6.4 3.31769 0.2
6.8 3.31769 0.2
7.2 3.31769 0.2
7.6 3.31769 0.2
8 3.31769 0.2
8.4 3.31769 0.2
8.8 3.31769 0.2
9.2 3.31769 0.2
9.6 3.31769 0.2
10 3.31769 0.2
10.4 3.31769 0.2
10.8 3.31769 0.2
11.2 3.31769 0.2
11.6 3.31769 0.2
12 3.31769 0.2
12.4 3.31769 0.2
12.8 3.31769 0.2
13.2 3.31769 0.2
13.6 3.31769 0.2
14 3.31769 0.2
14.4 3.31769 0.2
14.8 3.31769 0.2
15.2 3.31769 0.2
1 3.6641 0.2
1.4 3.6641 0.2
1.8 3.6641 0.2
2.2 3.6641 0.2
2.6 3.6641 0.2
3 3.6641 0.2
3.4 3.6641 0.2
3.8 3.6641 0.2
4.2 3.6641 0.2
4.6 3.6641 0.2
5 3.6641 0.2
5.4 3.6641 0.2
5.8 3.6641 0.2
6.2 3.6641 0.2
6.6 3.6641 0.2
7 3.6641 0.2
7.4 3.6641 0.2
7.8 3.6641 0.2
8.2 3.6641 0.2
8.6 3.6641 0.2
9 3.6641 0.2
9.4 3.6641 0.2
9.8 3.6641 0.2
10.2 3.6641 0.2
10.6 3.6641 0.2
11 3.6641 0.2
11.4 3.6641 0.2
11.8 3.6641 0.2
12.2 3.6641 0.2
12.6 3.6641 0.2
13 3.6641 0.2
13.4 3.6641 0.2
13.8 3.6641 0.2
14.2 3.6641 0.2
14.6 3.6641 0.2
15 3.6641 0.2
15.4 3.6641 0.2
15.8 3.6641 0.2
0.4 4.01051 0.2
0.8 4.01051 0.2
1.2 4.01051 0.2
1.6 4.01051 0.2
2 4.01051 0.2
2.4 4.01051 0.2
2.8 4.01051 0.2
3.2 4.01051 0.2
3.6 4.01051 0.2
4 4.01051 0.2
4.4 4.01051 0.2
4.8 4.01051 0.2
5.2 4.01051 0.2
5.6 4.01051 0.2
6 4.01051 0.2
6.4 4.01051 0.2
6.8 4.01051 0.2
7.2 4.01051 0.2
7.6 4.01051 0.2
8 4.01051 0.2
8.4 4.01051 0.2
8.8 4.01051 0.2
9.2 4.01051 0.2
9.6 4.01051 0.2
10 4.01051 0.2
10.4 4.01051 0.2
10.8 4.01051 0.2
11.2 4.01051 0.2
11.6 4.01051 0.2
12 4.01051 0.2
12.4 4.01051 0.2
12.8 4.01051 0.2
13.2 4.01051 0.2
13.6 4.01051 0.2
14 4.01051 0.2
14.4 4.01051 0.2
14.8 4.01051 0.2
15.2 4.01051 0.2
15.6 4.01051 0.2
16 4.01051 0.2
1.8 4.35692 0.2
2.2 4.35692 0.2
2.6 4.35692 0.2
3 4.35692 0.2
3.4 4.35692 0.2
3.8 4.35692 0.2
4.2 4.35692 0.2
4.6 4.35692 0.2
5 4.35692 0.2
5.4 4.35692 0.2
5.8 4.35692 0.2
6.2 4.35692 0.2
6.6 4.35692 0.2
7 4.35692 0.2
7.4 4.35692 0.2
7.8 4.35692 0.2
8.2 4.35692 0.2
8.6 4.35692 0.2
9 4.35692 0.2
9.4 4.35692 0.2
9.8 4.35692 0.2
10.2 4.35692 0.2
10.6 4.35692 0.2
11 4.35692 0.2
11.4 4.35692 0.2
11.8 4.35692 0.2
12.2 4.35692 0.2
12.6 4.35692 0.2
13 4.35692 0.2
13.4 4.35692 0.2
13.8 4.35692 0.2
14.2 4.35692 0.2
14.6 4.35692 0.2
15 4.35692 0.2
15.4 4.35692 0.2
15.8 4.35692 0.2
16.2 4.35692 0.2
16.6 4.35692 0.2
3.2 4.70333 0.2
3.6 4.70333 0.2
4 4.70333 0.2
4.4 4.70333 0.2
4.8 4.70333 0.2
5.2 4.70333 0.2
5.6 4.70333 0.2
6 4.70333 0.2
6.4 4.70333 0.2
6.8 4.70333 0.2
7.2 4.70333 0.2
7.6 4.70333 0.2
8 4.70333 0.2
8.4 4.70333 0.2
8.8 4.70333 0.2
9.2 4.70333 0.2
9.6 4.70333 0.2
10 4.70333 0.2
10.4 4.70333 0.2
10.8 4.70333 0.2
11.2 4.70333 0.2
11.6 4.70333 0.2
12 4.70333 0.2
12.4 4.70333 0.2
12.8 4.70333 0.2
13.2 4.70333 0.2
13.6 4.70333 0.2
14 4.70333 0.2
14.4 4.70333 0.2
14.8 4.70333 0.2
15.2 4.70333 0.2
15.6 4.70333 0.2
16 4.70333 0.2
16.4 4.70333 0.2
16.8 4.70333 0.2
4.6 5.04974 0.2
5 5.04974 0.2
5.4 5.04974 0.2
5.8 5.04974 0.2
6.2 5.04974 0.2
6.6 5.04974 0.2
7 5.04974 0.2
7.4 5.04974 0.2
7.8 5.04974 0.2
8.2 5.04974 0.2
8.6 5.04974 0.2
9 5.04974 0.2
9.4 5.04974 0.2
9.8 5.04974 0.2
10.2 5.04974 0.2
10.6 5.04974 0.2
11 5.04974 0.2
11.4 5.04974 0.2
11.8 5.04974 0.2
12.2 5.04974 0.2
12.6 5.04974 0.2
13 5.04974 0.2
13.4 5.04974 0.2
13.8 5.04974 0.2
14.2 5.04974 0.2
14.6 5.04974 0.2
15 5.04974 0.2
15.4 5.04974 0.2
15.8 5.04974 0.2
16.2 5.04974 0.2
16.6 5.04974 0.2
17 5.04974 0.2
17.4 5.04974 0.2
4.4 5.39615 0.2
4.8 5.39615 0.2
5.2 5.39615 0.2
5.6 5.39615 0.2
6 5.39615 0.2
6.4 5.39615 0.2
8 5.39615 0.2
8.4 5.39615 0.2
8.8 5.39615 0.2
9.2 5.39615 0.2
9.6 5.39615 0.2
10 5.39615 0.2
10.4 5.39615 0.2
10.8 5.39615 0.2
11.2 5.39615 0.2
11.6 5.39615 0.2
12 5.39615 0.2
12.4 5.39615 0.2
12.8 5.39615 0.2
13.2 5.39615 0.2
13.6 5.39615 0.2
14 5.39615 0.2
14.4 5.39615 0.2
14.8 5.39615 0.2
15.2 5.39615 0.2
15.6 5.39615 0.2
16 5.39615 0.2
16.4 5.39615 0.2
16.8 5.39615 0.2
17.2 5.39615 0.2
17.6 5.39615 0.2
18 5.39615 0.2
4.2 5.74256 0.2
4.6 5.74256 0.2
5 5.74256 0.2
7.8 5.74256 0.2
8.2 5.74256 0.2
8.6 5.74256 0.2
9 5.74256 0.2
9.4 5.74256 0.2
9.8 5.74256 0.2
10.2 5.74256 0.2
10.6 5.74256 0.2
11 5.74256 0.2
11.4 5.74256 0.2
11.8 5.74256 0.2
12.2 5.74256 0.2
12.6 5.74256 0.2
13 5.74256 0.2
13.4 5.74256 0.2
13.8 5.74256 0.2
14.2 5.74256 0.2
14.6 5.74256 0.2
15 5.74256 0.2
15.4 5.74256 0.2
15.8 5.74256 0.2
16.2 5.74256 0.2
16.6 5.74256 0.2
17 5.74256 0.2
17.4 5.74256 0.2
17.8 5.74256 0.2
18.2 5.74256 0.2
7.6 6.08897 0.2
8 6.08897 0.2
8.4 6.08897 0.2
8.8 6.08897 0.2
9.2 6.08897 0.2
9.6 6.08897 0.2
10 6.08897 0.2
10.4 6.08897 0.2
10.8 6.08897 0.2
11.2 6.08897 0.2
11.6 6.08897 0.2
12 6.08897 0.2
12.4 6.08897 0.2
12.8 6.08897 0.2
13.2 6.08897 0.2
13.6 6.08897 0.2
14 6.08897 0.2
14.4 6.08897 0.2
14.8 6.08897 0.2
15.2 6.08897 0.2
15.6 6.08897 0.2
16 6.08897 0.2
16.4 6.08897 0.2
16.8 6.08897 0.2
17.2 6.08897 0.2
17.6 6.08897 0.2
18 6.08897 0.2
18.4 6.08897 0.2
18.8 6.08897 0.2
7.4 6.43538 0.2
7.8 6.43538 0.2
8.2 6.43538 0.2
8.6 6.43538 0.2
9 6.43538 0.2
9.4 6.43538 0.2
9.8 6.43538 0.2
10.2 6.43538 0.2
10.6 6.43538 0.2
11 6.43538 0.2
11.4 6.43538 0.2
11.8 6.43538 0.2
12.2 6.43538 0.2
12.6 6.43538 0.2
13 6.43538 0.2
13.4 6.43538 0.2
13.8 6.43538 0.2
14.2 6.43538 0.2
14.6 6.43538 0.2
15 6.43538 0.2
15.4 6.43538 0.2
15.8 6.43538 0.2
16.2 6.43538 0.2
16.6 6.43538 0.2
17 6.43538 0.2
17.4 6.43538 0.2
17.8 6.43538 0.2
18.2 6.43538 0.2
18.6 6.43538 0.2
19 6.43538 0.2
19.4 6.43538 0.2
7.2 6.78179 0.2
7.6 6.78179 0.2
8 6.78179 0.2
8.4 6.78179 0.2
8.8 6.78179 0.2
9.2 6.78179 0.2
9.6 6.78179 0.2
10 6.78179 0.2
10.4 6.78179 0.2
10.8 6.78179 0.2
11.2 6.78179 0.2
11.6 6.78179 0.2
12 6.78179 0.2
12.4 6.78179 0.2
12.8 6.78179 0.2
13.2 6.78179 0.2
13.6 6.78179 0.2
14 6.78179 0.2
14.4 6.78179 0.2
14.8 6.78179 0.2
15.2 6.78179 0.2
15.6 6.78179 0.2
16 6.78179 0.2
16.4 6.78179 0.2
16.8 6.78179 0.2
17.2 6.78179 0.2
17.6 6.78179 0.2
18 6.78179 0.2
18.4 6.78179 0.2
18.8 6.78179 0.2
7 7.1282 0.2
7.4 7.1282 0.2
7.8 7.1282 0.2
8.2 7.1282 0.2
8.6 7.1282 0.2
9 7.1282 0.2
9.4 7.1282 0.2
9.8 7.1282 0.2
10.2 7.1282 0.2
10.6 7.1282 0.2
11 7.1282 0.2
11.4 7.1282 0.2
11.8 7.1282 0.2
12.2 7.1282 0.2
12.6 7.1282 0.2
13 7.1282 0.2
13.4 7.1282 0.2
13.8 7.1282 0.2
14.2 7.1282 0.2
14.6 7.1282 0.2
15 7.1282 0.2
15.4 7.1282 0.2
15.8 7.1282 0.2
16.2 7.1282 0.2
16.6 7.1282 0.2
17 7.1282 0.2
17.4 7.1282 0.2
17.8 7.1282 0.2
18.2 7.1282 0.2
6.8 7.47461 0.2
7.2 7.47461 0.2
7.6 7.47461 0.2
8 7.47461 0.2
8.4 7.47461 0.2
8.8 7.47461 0.2
9.2 7.47461 0.2
9.6 7.47461 0.2
10 7.47461 0.2
10.4 7.47461 0.2
10.8 7.47461 0.2
11.2 7.47461 0.2
11.6 7.47461 0.2
12 7.47461 0.2
12.4 7.47461 0.2
12.8 7.47461 0.2
13.2 7.47461 0.2
13.6 7.47461 0.2
14 7.47461 0.2
14.4 7.47461 0.2
14.8 7.47461 0.2
15.2 7.47461 0.2
15.6 7.47461 0.2
16 7.47461 0.2
16.4 7.47461 0.2
16.8 7.47461 0.2
17.2 7.47461 0.2
17.6 7.47461 0.2
18 7.47461 0.2
18.4 7.47461 0.2
6.6 7.82102 0.2
7 7.82102 0.2
7.4 7.82102 0.2
7.8 7.82102 0.2
8.2 7.82102 0.2
8.6 7.82102 0.2
9 7.82102 0.2
9.4 7.82102 0.2
9.8 7.82102 0.2
10.2 7.82102 0.2
10.6 7.82102 0.2
11 7.82102 0.2
11.4 7.82102 0.2
11.8 7.82102 0.2
12.2 7.82102 0.2
12.6 7.82102 0.2
13 7.82102 0.2
13.4 7.82102 0.2
13.8 7.82102 0.2
14.2 7.82102 0.2
14.6 7.82102 0.2
15 7.82102 0.2
15.4 7.82102 0.2
15.8 7.82102 0.2
16.2 7.82102 0.2
16.6 7.82102 0.2
17 7.82102 0.2
17.4 7.82102 0.2
17.8 7.82102 0.2
18.2 7.82102 0.2
18.6 7.82102 0.2
6.4 8.16743 0.2
6.8 8.16743 0.2
7.2 8.16743 0.2
7.6 8.16743 0.2
8 8.16743 0.2
8.4 8.16743 0.2
8.8 8.16743 0.2
9.2 8.16743 0.2
9.6 8.16743 0.2
10 8.16743 0.2
10.4 8.16743 0.2
10.8 8.16743 0.2
11.2 8.16743 0.2
11.6 8.16743 0.2
12.4 8.16743 0.2
12.8 8.16743 0.2
13.2 8.16743 0.2
13.6 8.16743 0.2
14 8.16743 0.2
14.4 8.16743 0.2
14.8 8.16743 0.2
15.2 8.16743 0.2
15.6 8.16743 0.2
16.4 8.16743 0.2
16.8 8.16743 0.2
17.2 8.16743 0.2
17.6 8.16743 0.2
18 8.16743 0.2
18.4 8.16743 0.2
18.8 8.16743 0.2
6.2 8.51384 0.2
6.6 8.51384 0.2
7 8.51384 0.2
7.4 8.51384 0.2
7.8 8.51384 0.2
8.2 8.51384 0.2
8.6 8.51384 0.2
9 8.51384 0.2
9.4 8.51384 0.2
9.8 8.51384 0.2
10.2 8.51384 0.2
10.6 8.51384 0.2
11 8.51384 0.2
11.4 8.51384 0.2
11.8 8.51384 0.2
13.4 8.51384 0.2
13.8 8.51384 0.2
14.2 8.51384 0.2
14.6 8.51384 0.2
15 8.51384 0.2
15.4 8.51384 0.2
15.8 8.51384 0.2
17.4 8.51384 0.2
17.8 8.51384 0.2
18.2 8.51384 0.2
18.6 8.51384 0.2
19 8.51384 0.2
6 8.86025 0.2
6.4 8.86025 0.2
6.8 8.86025 0.2
7.2 8.86025 0.2
7.6 8.86025 0.2
8 8.86025 0.2
8.4 8.86025 0.2
8.8 8.86025 0.2
9.2 8.86025 0.2
9.6 8.86025 0.2
10 8.86025 0.2
10.4 8.86025 0.2
10.8 8.86025 0.2
11.2 8.86025 0.2
11.6 8.86025 0.2
14 8.86025 0.2
14.4 8.86025 0.2
14.8 8.86025 0.2
15.2 8.86025 0.2
15.6 8.86025 0.2
18 8.86025 0.2
18.4 8.86025 0.2
18.8 8.86025 0.2
19.2 8.86025 0.2
5.8 9.20666 0.2
6.2 9.20666 0.2
7.4 9.20666 0.2
7.8 9.20666 0.2
8.2 9.20666 0.2
8.6 9.20666 0.2
9 9.20666 0.2
9.4 9.20666 0.2
9.8 9.20666 0.2
10.2 9.20666 0.2
10.6 9.20666 0.2
11 9.20666 0.2
11.4 9.20666 0.2
11.8 9.20666 0.2
14.6 9.20666 0.2
15 9.20666 0.2
15.4 9.20666 0.2
15.8 9.20666 0.2
18.6 9.20666 0.2
19 9.20666 0.2
19.4 9.20666 0.2
5.6 9.55307 0.2
7.2 9.55307 0.2
7.6 9.55307 0.2
8 9.55307 0.2
8.4 9.55307 0.2
8.8 9.55307 0.2
9.2 9.55307 0.2
9.6 9.55307 0.2
10 9.55307 0.2
10.4 9.55307 0.2
10.8 9.55307 0.2
11.2 9.55307 0.2
11.6 9.55307 0.2
15.2 9.55307 0.2
15.6 9.55307 0.2
19.2 9.55307 0.2
19.6 9.55307 0.2
7.4 9.89948 0.2
7.8 9.89948 0.2
8.2 9.89948 0.2
8.6 9.89948 0.2
9 9.89948 0.2
9.4 9.89948 0.2
9.8 9.89948 0.2
10.2 9.89948 0.2
10.6 9.89948 0.2
11 9.89948 0.2
11.4 9.89948 0.2
11.8 9.89948 0.2
15.8 9.89948 0.2
19.8 9.89948 0.2
7.2 10.2459 0.2
7.6 10.2459 0.2
8 10.2459 0.2
8.4 10.2459 0.2
8.8 10.2459 0.2
9.2 10.2459 0.2
9.6 10.2459 0.2
10 10.2459 0.2
10.4 10.2459 0.2
10.8 10.2459 0.2
11.2 10.2459 0.2
11.6 10.2459 0.2
7.4 10.5923 0.2
7.8 10.5923 0.2
8.2 10.5923 0.2
8.6 10.5923 0.2
9 10.5923 0.2
9.4 10.5923 0.2
9.8 10.5923 0.2
10.2 10.5923 0.2
10.6 10.5923 0.2
11 10.5923 0.2
11.4 10.5923 0.2
11.8 10.5923 0.2
7.2 10.9387 0.2
7.6 10.9387 0.2
8 10.9387 0.2
8.4 10.9387 0.2
8.8 10.9387 0.2
9.2 10.9387 0.2
9.6 10.9387 0.2
10 10.9387 0.2
10.4 10.9387 0.2
10.8 10.9387 0.2
11.2 10.9387 0.2
11.6 10.9387 0.2
7.4 11.2851 0.2
7.8 11.2851 0.2
8.2 11.2851 0.2
8.6 11.2851 0.2
9 11.2851 0.2
9.4 11.2851 0.2
9.8 11.2851 0.2
10.6 11.2851 0.2
11 11.2851 0.2
11.4 11.2851 0.2
11.8 11.2851 0.2
7.6 11.6315 0.2
8 11.6315 0.2
8.4 11.6315 0.2
8.8 11.6315 0.2
9.2 11.6315 0.2
9.6 11.6315 0.2
11.6 11.6315 0.2
7.4 11.9779 0.2
7.8 11.9779 0.2
8.2 11.9779 0.2
8.6 11.9779 0.2
9 11.9779 0.2
9.4 11.9779 0.2
7.6 12.3244 0.2
8 12.3244 0.2
8.4 12.3244 0.2
8.8 12.3244 0.2
9.2 12.3244 0.2
7.4 12.6708 0.2
7.8 12.6708 0.2
8.2 12.6708 0.2
8.6 12.6708 0.2
9 12.6708 0.2
7.6 13.0172 0.2
8 13.0172 0.2
8.4 13.0172 0.2
8.8 13.0172 0.2
7.4 13.3636 0.2
7.8 13.3636 0.2
8.2 13.3636 0.2
8.6 13.3636 0.2
7.6 13.71 0.2
8 13.71 0.2
8.4 13.71 0.2
7.4 14.0564 0.2
7.8 14.0564 0.2
8.2 14.0564 0.2
7.6 14.4028 0.2
8 14.4028 0.2
7.8 14.7492 0.2
7.6 15.0956 0.2
